# temperature_kelvin sz-expectation_hbar
1.00000000e-01 -7.49927758e-21
5.12462312e+00 -7.37879408e-21
1.01492462e+01 -7.29571183e-21
1.51738693e+01 -7.22117854e-21
2.01984925e+01 -7.14762987e-21
2.52231156e+01 -7.07495897e-21
3.02477387e+01 -7.00315087e-21
3.52723618e+01 -6.93100160e-21
4.02969849e+01 -6.85899585e-21
4.53216080e+01 -6.78707176e-21
5.03462312e+01 -6.71568620e-21
5.53708543e+01 -6.64483516e-21
6.03954774e+01 -6.57362615e-21
6.54201005e+01 -6.50259011e-21
7.04447236e+01 -6.43026120e-21
7.54693467e+01 -6.35840870e-21
8.04939698e+01 -6.28972563e-21
8.55185930e+01 -6.21738166e-21
9.05432161e+01 -6.14612490e-21
9.55678392e+01 -6.07561566e-21
1.00592462e+02 -6.00464559e-21
1.05617085e+02 -5.93232834e-21
1.10641709e+02 -5.86293269e-21
1.15666332e+02 -5.79127603e-21
1.20690955e+02 -5.72269214e-21
1.25715578e+02 -5.65015797e-21
1.30740201e+02 -5.57871659e-21
1.35764824e+02 -5.51537374e-21
1.40789447e+02 -5.44494724e-21
1.45814070e+02 -5.37412070e-21
1.50838693e+02 -5.30648639e-21
1.55863317e+02 -5.23924084e-21
1.60887940e+02 -5.17138308e-21
1.65912563e+02 -5.10410481e-21
1.70937186e+02 -5.03944750e-21
1.75961809e+02 -4.97432517e-21
1.80986432e+02 -4.90641995e-21
1.86011055e+02 -4.84465985e-21
1.91035678e+02 -4.78232498e-21
1.96060302e+02 -4.71727811e-21
2.01084925e+02 -4.65971216e-21
2.06109548e+02 -4.59867180e-21
2.11134171e+02 -4.53470057e-21
2.16158794e+02 -4.48154899e-21
2.21183417e+02 -4.42324366e-21
2.26208040e+02 -4.36816713e-21
2.31232663e+02 -4.31237018e-21
2.36257286e+02 -4.25444088e-21
2.41281910e+02 -4.19402026e-21
2.46306533e+02 -4.14510541e-21
2.51331156e+02 -4.08865803e-21
2.56355779e+02 -4.03814951e-21
2.61380402e+02 -3.99080294e-21
2.66405025e+02 -3.94125515e-21
2.71429648e+02 -3.89564343e-21
2.76454271e+02 -3.84378185e-21
2.81478894e+02 -3.79783306e-21
2.86503518e+02 -3.74964278e-21
2.91528141e+02 -3.70211680e-21
2.96552764e+02 -3.66018451e-21
3.01577387e+02 -3.61087223e-21
3.06602010e+02 -3.56995967e-21
3.11626633e+02 -3.53013651e-21
3.16651256e+02 -3.49307467e-21
3.21675879e+02 -3.44782366e-21
3.26700503e+02 -3.40112760e-21
3.31725126e+02 -3.36973148e-21
3.36749749e+02 -3.33154167e-21
3.41774372e+02 -3.29419242e-21
3.46798995e+02 -3.25469535e-21
3.51823618e+02 -3.21592018e-21
3.56848241e+02 -3.18088355e-21
3.61872864e+02 -3.14928219e-21
3.66897487e+02 -3.10757915e-21
3.71922111e+02 -3.07477842e-21
3.76946734e+02 -3.04434886e-21
3.81971357e+02 -3.00728284e-21
3.86995980e+02 -2.97659601e-21
3.92020603e+02 -2.95063335e-21
3.97045226e+02 -2.91714560e-21
4.02069849e+02 -2.88486287e-21
4.07094472e+02 -2.85301022e-21
4.12119095e+02 -2.82883340e-21
4.17143719e+02 -2.79852127e-21
4.22168342e+02 -2.76916071e-21
4.27192965e+02 -2.74382138e-21
4.32217588e+02 -2.71076150e-21
4.37242211e+02 -2.69142219e-21
4.42266834e+02 -2.66204409e-21
4.47291457e+02 -2.63334710e-21
4.52316080e+02 -2.61007109e-21
4.57340704e+02 -2.58373759e-21
4.62365327e+02 -2.55800936e-21
4.67389950e+02 -2.53026558e-21
4.72414573e+02 -2.50885675e-21
4.77439196e+02 -2.48720112e-21
4.82463819e+02 -2.46467037e-21
4.87488442e+02 -2.43783847e-21
4.92513065e+02 -2.41901146e-21
4.97537688e+02 -2.39223225e-21
5.02562312e+02 -2.38135770e-21
5.07586935e+02 -2.35402339e-21
5.12611558e+02 -2.33031554e-21
5.17636181e+02 -2.30843806e-21
5.22660804e+02 -2.28989513e-21
5.27685427e+02 -2.27290959e-21
5.32710050e+02 -2.25243097e-21
5.37734673e+02 -2.23376789e-21
5.42759296e+02 -2.20913521e-21
5.47783920e+02 -2.19087861e-21
5.52808543e+02 -2.17591078e-21
5.57833166e+02 -2.16034821e-21
5.62857789e+02 -2.14001192e-21
5.67882412e+02 -2.12204435e-21
5.72907035e+02 -2.09879568e-21
5.77931658e+02 -2.08746215e-21
5.82956281e+02 -2.06754188e-21
5.87980905e+02 -2.04538441e-21
5.93005528e+02 -2.03656322e-21
5.98030151e+02 -2.02263775e-21
6.03054774e+02 -2.00491521e-21
6.08079397e+02 -1.98181292e-21
6.13104020e+02 -1.97144421e-21
6.18128643e+02 -1.95340557e-21
6.23153266e+02 -1.94228051e-21
6.28177889e+02 -1.92992131e-21
6.33202513e+02 -1.91161534e-21
6.38227136e+02 -1.89463728e-21
6.43251759e+02 -1.88345932e-21
6.48276382e+02 -1.86821882e-21
6.53301005e+02 -1.84801704e-21
6.58325628e+02 -1.84040828e-21
6.63350251e+02 -1.82659741e-21
6.68374874e+02 -1.81242045e-21
6.73399497e+02 -1.80229373e-21
6.78424121e+02 -1.78753775e-21
6.83448744e+02 -1.77547279e-21
6.88473367e+02 -1.76467725e-21
6.93497990e+02 -1.75069293e-21
6.98522613e+02 -1.73454705e-21
7.03547236e+02 -1.73129447e-21
7.08571859e+02 -1.71278890e-21
7.13596482e+02 -1.70300780e-21
7.18621106e+02 -1.68962802e-21
7.23645729e+02 -1.68026014e-21
7.28670352e+02 -1.66445360e-21
7.33694975e+02 -1.65281600e-21
7.38719598e+02 -1.64419241e-21
7.43744221e+02 -1.63289946e-21
7.48768844e+02 -1.61701785e-21
7.53793467e+02 -1.61069088e-21
7.58818090e+02 -1.60055131e-21
7.63842714e+02 -1.58936865e-21
7.68867337e+02 -1.57813490e-21
7.73891960e+02 -1.56784704e-21
7.78916583e+02 -1.56296810e-21
7.83941206e+02 -1.54840492e-21
7.88965829e+02 -1.54132023e-21
7.93990452e+02 -1.52408561e-21
7.99015075e+02 -1.51750962e-21
8.04039698e+02 -1.50605206e-21
8.09064322e+02 -1.49806606e-21
8.14088945e+02 -1.48920216e-21
8.19113568e+02 -1.47837489e-21
8.24138191e+02 -1.47549557e-21
8.29162814e+02 -1.45924221e-21
8.34187437e+02 -1.45169667e-21
8.39212060e+02 -1.44473210e-21
8.44236683e+02 -1.43938252e-21
8.49261307e+02 -1.42955442e-21
8.54285930e+02 -1.41564253e-21
8.59310553e+02 -1.41038977e-21
8.64335176e+02 -1.40271518e-21
8.69359799e+02 -1.39474296e-21
8.74384422e+02 -1.38507219e-21
8.79409045e+02 -1.37714444e-21
8.84433668e+02 -1.36832548e-21
8.89458291e+02 -1.35898493e-21
8.94482915e+02 -1.35314439e-21
8.99507538e+02 -1.34503145e-21
9.04532161e+02 -1.33618240e-21
9.09556784e+02 -1.32974650e-21
9.14581407e+02 -1.32587471e-21
9.19606030e+02 -1.31565721e-21
9.24630653e+02 -1.30858708e-21
9.29655276e+02 -1.29893984e-21
9.34679899e+02 -1.29588381e-21
9.39704523e+02 -1.28669466e-21
9.44729146e+02 -1.27852643e-21
9.49753769e+02 -1.26869361e-21
9.54778392e+02 -1.26714835e-21
9.59803015e+02 -1.25524787e-21
9.64827638e+02 -1.25171639e-21
9.69852261e+02 -1.24580137e-21
9.74876884e+02 -1.23661653e-21
9.79901508e+02 -1.22872781e-21
9.84926131e+02 -1.22069359e-21
9.89950754e+02 -1.21795860e-21
9.94975377e+02 -1.21101225e-21
1.00000000e+03 -1.20740291e-21
